3 0.318253 0.78764 0.0768053 0.150582 0.98937
3 0.536118 0.787878 0.0754723 0.15014 0.986999
3 0.643992 0.788155 0.0764646 0.148665 0.982159
3 0.86126 0.787367 0.0763763 0.148021 0.981018
3 0.427143 0.788321 0.0763948 0.1503 0.977204
3 0.75259 0.787913 0.0756474 0.148413 0.970029
3 0.210366 0.787607 0.0765586 0.150308 0.963936
12 0.160344 0.620937 0.0178935 0.0224284 0.904315
12 0.26896 0.647402 0.0189617 0.0250566 0.843309
12 0.811309 0.779336 0.0177742 0.0231022 0.822582
12 0.702123 0.750812 0.0167554 0.0241429 0.772013
12 0.485881 0.698741 0.0173302 0.023319 0.669866
12 0.377159 0.673489 0.0191857 0.0230239 0.622315
12 0.594529 0.72556 0.0168014 0.0224012 0.441161
11 0.636482 0.670233 0.00536519 0.018057 0.156813
11 0.632913 0.303017 0.00453512 0.0216093 0.0851613
