1 0.759656 0.711934 0.0111088 0.31981 0.819972
1 0.604773 0.712656 0.0118262 0.33101 0.768116
1 0.294887 0.707752 0.0110105 0.322043 0.690759
1 0.372699 0.697484 0.0108479 0.346291 0.583549
1 0.217494 0.701165 0.0112641 0.334893 0.529414
1 0.13991 0.702627 0.0105665 0.308187 0.414184
1 0.844776 0.705792 0.0104805 0.324413 0.344404
1 0.527655 0.712266 0.00989875 0.321005 0.269325
1 0.688464 0.712397 0.00846632 0.320906 0.228751
1 0.69038 0.702799 0.00867384 0.302739 0.137698
1 0.838819 0.711467 0.0118706 0.318312 0.106658
8 0.62023 0.210355 0.00509901 0.021414 0.101395
1 0.525207 0.718319 0.0110467 0.316304 0.0661388
11 0.620355 0.188982 0.00516561 0.0236357 0.0638201
1 0.449277 0.705493 0.0122085 0.322089 0.0620682
1 0.681232 0.710518 0.00932963 0.312155 0.0590254
1 0.690582 0.707467 0.00781135 0.171129 0.0512434
