1 0.54455 0.692935 0.0100458 0.285729 0.956418
1 0.668873 0.693763 0.010685 0.289221 0.955908
1 0.855207 0.695865 0.0106089 0.284098 0.915395
1 0.870829 0.694768 0.0104816 0.283886 0.910703
1 0.467545 0.691748 0.010175 0.284303 0.906695
1 0.234958 0.692746 0.00994568 0.278406 0.902125
1 0.432497 0.689751 0.016127 0.288182 0.898506
1 0.200554 0.690016 0.0172513 0.281642 0.887177
1 0.355394 0.690773 0.0175649 0.285432 0.871826
8 0.342843 0.419671 0.00554426 0.0410317 0.864981
1 0.277048 0.691194 0.0183874 0.283435 0.855145
1 0.793845 0.698001 0.00880663 0.27328 0.851412
1 0.715885 0.692803 0.00836277 0.288375 0.849683
1 0.622412 0.692581 0.00997905 0.287419 0.845313
1 0.311809 0.696995 0.0102992 0.279857 0.82302
1 0.483349 0.692483 0.0101918 0.28184 0.817686
1 0.741021 0.70055 0.0176762 0.284821 0.816312
1 0.587018 0.693401 0.0175323 0.287698 0.802671
1 0.510241 0.697676 0.0172102 0.288311 0.777383
1 0.818567 0.69345 0.0134781 0.279664 0.760646
1 0.638428 0.695686 0.00850538 0.285801 0.751545
1 0.389619 0.693677 0.00801629 0.282002 0.722598
1 0.327891 0.691634 0.00980733 0.28238 0.701737
1 0.172721 0.690446 0.00958486 0.282974 0.698951
1 0.157434 0.691207 0.0089104 0.28433 0.673264
1 0.406407 0.691014 0.00986854 0.286255 0.66384
8 0.188734 0.512773 0.0057196 0.0403524 0.652411
1 0.777428 0.699061 0.0113712 0.273583 0.650656
1 0.560316 0.693686 0.00967207 0.277179 0.502663
8 0.219669 0.523619 0.00774812 0.0415107 0.45955
8 0.607167 0.511337 0.00590535 0.0380404 0.433054
1 0.624382 0.696015 0.00938795 0.281006 0.27443
1 0.130345 0.692216 0.00698325 0.291015 0.254188
8 0.141305 0.510115 0.00598054 0.0352455 0.206192
1 0.775331 0.697365 0.00928094 0.279714 0.181317
1 0.406007 0.736449 0.0100203 0.194705 0.173969
8 0.808519 0.418629 0.00657145 0.0398493 0.172051
1 0.373643 0.695541 0.00936127 0.278296 0.167859
11 0.762106 0.344702 0.0037852 0.0360023 0.167107
8 0.29627 0.342934 0.00675113 0.038306 0.166357
8 0.453114 0.419384 0.00675947 0.0344543 0.149648
1 0.325273 0.695853 0.00946255 0.275272 0.136258
11 0.219583 0.523594 0.00706063 0.0414487 0.13042
8 0.684083 0.525869 0.0065271 0.0385726 0.122913
8 0.653431 0.511401 0.00632677 0.0376081 0.112939
1 0.480946 0.69551 0.0149336 0.279741 0.0799351
11 0.139688 0.508407 0.00701598 0.0353619 0.078961
8 0.685089 0.525426 0.00618015 0.0348039 0.0754698
1 0.174961 0.692819 0.00997477 0.282218 0.0697752
1 0.699193 0.692725 0.0122503 0.286874 0.0653335
1 0.870106 0.657316 0.0114941 0.19891 0.0630801
1 0.390045 0.720412 0.00965749 0.225236 0.0590585
1 0.890869 0.689219 0.0125656 0.278247 0.0563889
1 0.626214 0.699107 0.00951104 0.277617 0.0504179
9 0.513247 0.542123 0.0310272 0.0229983 0.929637
9 0.838646 0.565022 0.0292386 0.0220986 0.918236
9 0.405684 0.681342 0.0287231 0.0197969 0.908164
9 0.568144 0.473921 0.0284651 0.0220044 0.905093
9 0.350855 0.750913 0.0297994 0.0243752 0.841697
9 0.785561 0.495522 0.0279944 0.0224317 0.83964
9 0.675994 0.355073 0.0279437 0.0230234 0.839243
9 0.295993 0.820673 0.0301708 0.0212391 0.763224
9 0.187319 0.819371 0.0321667 0.0227683 0.635632
9 0.622213 0.403951 0.0285061 0.0226943 0.628668
9 0.731278 0.428236 0.0316746 0.0208123 0.545899
9 0.890146 0.633941 0.0218412 0.0192215 0.534618
12 0.187194 0.818718 0.030851 0.0172107 0.194484
9 0.784949 0.495051 0.0315012 0.0307745 0.185615
12 0.889739 0.633273 0.0239973 0.0196306 0.130588
9 0.568054 0.474062 0.0306555 0.0347268 0.0886241
9 0.458549 0.612562 0.0301989 0.0231929 0.0781183
12 0.297251 0.82041 0.0282178 0.0183889 0.0657043
9 0.405713 0.681434 0.0319283 0.0328671 0.0610001
12 0.621938 0.403173 0.0253803 0.0154265 0.0552694
12 0.566874 0.474274 0.0285559 0.0190448 0.0500975
