2 0.456185 0.803241 0.0253163 0.142254 0.99332
2 0.533443 0.80289 0.0235327 0.14187 0.992138
2 0.37883 0.802705 0.0245503 0.140784 0.98534
2 0.491075 0.803489 0.0331517 0.142586 0.972894
2 0.305154 0.803165 0.0174259 0.142632 0.962983
2 0.88003 0.803594 0.0363521 0.142357 0.961206
2 0.223845 0.803031 0.0247891 0.141101 0.961088
2 0.421707 0.803128 0.0328804 0.142906 0.956834
2 0.843244 0.802862 0.0245226 0.14158 0.95656
2 0.804583 0.802451 0.0399811 0.141869 0.954492
2 0.727481 0.802804 0.0400109 0.141132 0.951012
2 0.339967 0.802662 0.0413369 0.143236 0.948007
2 0.769852 0.802274 0.0179789 0.140483 0.94613
2 0.184381 0.802473 0.0389493 0.143432 0.945054
2 0.150068 0.8022 0.0177905 0.139696 0.940558
2 0.262603 0.803641 0.0403464 0.142095 0.939254
2 0.572389 0.80312 0.0400869 0.144108 0.938435
2 0.614704 0.802197 0.0178221 0.142227 0.926585
2 0.64907 0.80267 0.0400496 0.142309 0.900567
2 0.687988 0.802351 0.0239752 0.14248 0.887418
11 0.316219 0.418668 0.00620205 0.0236931 0.687486
11 0.394225 0.35599 0.00615302 0.0263153 0.64107
11 0.518311 0.387945 0.00585802 0.0222476 0.582103
11 0.595755 0.324301 0.00522786 0.0228118 0.516367
8 0.703789 0.35701 0.00581245 0.0355973 0.468645
11 0.161761 0.32624 0.0042542 0.0201353 0.464577
11 0.471217 0.32535 0.00626183 0.0269748 0.41647
11 0.858509 0.388799 0.00612372 0.0270347 0.411558
11 0.781443 0.326737 0.00409322 0.0264122 0.396579
11 0.208014 0.388694 0.00529656 0.0234189 0.378243
11 0.130503 0.417864 0.00532077 0.0201671 0.370677
11 0.285139 0.324782 0.00682012 0.0212575 0.263488
11 0.439411 0.41781 0.00595683 0.0291526 0.244292
11 0.856826 0.3036 0.0040783 0.0214827 0.23815
11 0.363382 0.357637 0.00535726 0.0268178 0.198396
11 0.440671 0.418574 0.00676239 0.0264099 0.16967
11 0.860906 0.671175 0.00515672 0.0253618 0.144163
8 0.781725 0.326853 0.00536872 0.0290849 0.0568371
