9 0.513247 0.542123 0.0310272 0.0229983 0.929637
9 0.838646 0.565022 0.0292386 0.0220986 0.918236
9 0.405684 0.681342 0.0287231 0.0197969 0.908164
9 0.568144 0.473921 0.0284651 0.0220044 0.905093
9 0.350855 0.750913 0.0297994 0.0243752 0.841697
9 0.785561 0.495522 0.0279944 0.0224317 0.83964
9 0.675994 0.355073 0.0279437 0.0230234 0.839243
9 0.295993 0.820673 0.0301708 0.0212391 0.763224
9 0.187319 0.819371 0.0321667 0.0227683 0.635632
9 0.622213 0.403951 0.0285061 0.0226943 0.628668
9 0.731278 0.428236 0.0316746 0.0208123 0.545899
9 0.890146 0.633941 0.0218412 0.0192215 0.534618
12 0.187194 0.818718 0.030851 0.0172107 0.194484
9 0.784949 0.495051 0.0315012 0.0307745 0.185615
12 0.889739 0.633273 0.0239973 0.0196306 0.130588
9 0.568054 0.474062 0.0306555 0.0347268 0.0886241
9 0.458549 0.612562 0.0301989 0.0231929 0.0781183
12 0.297251 0.82041 0.0282178 0.0183889 0.0657043
9 0.405713 0.681434 0.0319283 0.0328671 0.0610001
12 0.621938 0.403173 0.0253803 0.0154265 0.0552694
12 0.566874 0.474274 0.0285559 0.0190448 0.0500975
