2 0.204872 0.803046 0.0253734 0.14213 0.981501
2 0.747798 0.802534 0.0244912 0.140021 0.981174
2 0.28597 0.803158 0.0159448 0.140814 0.973609
2 0.670043 0.802764 0.0247766 0.140832 0.973221
2 0.402808 0.803648 0.0315382 0.143895 0.972511
2 0.705271 0.804059 0.032524 0.145543 0.970271
2 0.825119 0.80305 0.0245578 0.141233 0.966356
2 0.243842 0.803171 0.0402685 0.143953 0.962204
2 0.786528 0.803018 0.0383781 0.141692 0.959582
2 0.361354 0.804499 0.0270569 0.144691 0.951004
2 0.32131 0.803092 0.0405567 0.142415 0.950635
2 0.476454 0.803056 0.0401294 0.142807 0.948438
2 0.59637 0.803187 0.0170492 0.140446 0.944642
2 0.631114 0.802788 0.040085 0.141416 0.941735
2 0.436834 0.803219 0.0246883 0.14106 0.920423
2 0.553868 0.802963 0.0398641 0.14258 0.919054
2 0.163485 0.802821 0.0326219 0.140703 0.913647
11 0.344255 0.356853 0.00608704 0.0203118 0.88216
2 0.51895 0.802828 0.0171213 0.142297 0.864408
2 0.133082 0.803933 0.0138531 0.141671 0.851771
2 0.86341 0.803946 0.0399311 0.142728 0.833347
11 0.731958 0.310838 0.00696784 0.0232563 0.550408
11 0.653935 0.357055 0.00704305 0.0209505 0.536814
11 0.530865 0.386466 0.00687141 0.0219352 0.46444
11 0.763573 0.326602 0.0063166 0.019086 0.356868
11 0.143183 0.325997 0.00435321 0.0254003 0.305917
2 0.179872 0.802619 0.0124827 0.141736 0.285437
11 0.220742 0.388209 0.00576943 0.0218333 0.237488
11 0.607696 0.310434 0.00726169 0.0227645 0.210689
11 0.26676 0.325737 0.00532455 0.0237641 0.167499
11 0.808508 0.386703 0.00672323 0.0226803 0.121796
11 0.2644 0.325689 0.0058528 0.0192737 0.109774
11 0.68508 0.357137 0.00888652 0.0234175 0.10765
11 0.885641 0.322797 0.00818515 0.0254119 0.0902734
11 0.840513 0.388171 0.00745185 0.0233627 0.0683826
11 0.421917 0.311823 0.00765123 0.0225941 0.0659734
2 0.204872 0.803046 0.0253734 0.14213 0.981501
2 0.747798 0.802534 0.0244912 0.140021 0.981174
2 0.28597 0.803158 0.0159448 0.140814 0.973609
2 0.670043 0.802764 0.0247766 0.140832 0.973221
2 0.402808 0.803648 0.0315382 0.143895 0.972511
2 0.705271 0.804059 0.032524 0.145543 0.970271
2 0.825119 0.80305 0.0245578 0.141233 0.966356
2 0.243842 0.803171 0.0402685 0.143953 0.962204
2 0.786528 0.803018 0.0383781 0.141692 0.959582
2 0.361354 0.804499 0.0270569 0.144691 0.951004
2 0.32131 0.803092 0.0405567 0.142415 0.950635
2 0.476454 0.803056 0.0401294 0.142807 0.948438
2 0.59637 0.803187 0.0170492 0.140446 0.944642
2 0.631114 0.802788 0.040085 0.141416 0.941735
2 0.436834 0.803219 0.0246883 0.14106 0.920423
2 0.553868 0.802963 0.0398641 0.14258 0.919054
2 0.163485 0.802821 0.0326219 0.140703 0.913647
11 0.344255 0.356853 0.00608704 0.0203118 0.88216
2 0.51895 0.802828 0.0171213 0.142297 0.864408
2 0.133082 0.803933 0.0138531 0.141671 0.851771
2 0.86341 0.803946 0.0399311 0.142728 0.833347
11 0.731958 0.310838 0.00696784 0.0232563 0.550408
11 0.653935 0.357055 0.00704305 0.0209505 0.536814
11 0.530865 0.386466 0.00687141 0.0219352 0.46444
11 0.763573 0.326602 0.0063166 0.019086 0.356868
11 0.143183 0.325997 0.00435321 0.0254003 0.305917
2 0.179872 0.802619 0.0124827 0.141736 0.285437
11 0.220742 0.388209 0.00576943 0.0218333 0.237488
11 0.607696 0.310434 0.00726169 0.0227645 0.210689
11 0.26676 0.325737 0.00532455 0.0237641 0.167499
11 0.808508 0.386703 0.00672323 0.0226803 0.121796
11 0.2644 0.325689 0.0058528 0.0192737 0.109774
11 0.68508 0.357137 0.00888652 0.0234175 0.10765
11 0.885641 0.322797 0.00818515 0.0254119 0.0902734
11 0.840513 0.388171 0.00745185 0.0233627 0.0683826
11 0.421917 0.311823 0.00765123 0.0225941 0.0659734
2 0.204872 0.803046 0.0253734 0.14213 0.981501
2 0.747798 0.802534 0.0244912 0.140021 0.981174
2 0.28597 0.803158 0.0159448 0.140814 0.973609
2 0.670043 0.802764 0.0247766 0.140832 0.973221
2 0.402808 0.803648 0.0315382 0.143895 0.972511
2 0.705271 0.804059 0.032524 0.145543 0.970271
2 0.825119 0.80305 0.0245578 0.141233 0.966356
2 0.243842 0.803171 0.0402685 0.143953 0.962204
2 0.786528 0.803018 0.0383781 0.141692 0.959582
2 0.361354 0.804499 0.0270569 0.144691 0.951004
2 0.32131 0.803092 0.0405567 0.142415 0.950635
2 0.476454 0.803056 0.0401294 0.142807 0.948438
2 0.59637 0.803187 0.0170492 0.140446 0.944642
2 0.631114 0.802788 0.040085 0.141416 0.941735
2 0.436834 0.803219 0.0246883 0.14106 0.920423
2 0.553868 0.802963 0.0398641 0.14258 0.919054
2 0.163485 0.802821 0.0326219 0.140703 0.913647
11 0.344255 0.356853 0.00608704 0.0203118 0.88216
2 0.51895 0.802828 0.0171213 0.142297 0.864408
2 0.133082 0.803933 0.0138531 0.141671 0.851771
2 0.86341 0.803946 0.0399311 0.142728 0.833347
11 0.731958 0.310838 0.00696784 0.0232563 0.550408
11 0.653935 0.357055 0.00704305 0.0209505 0.536814
11 0.530865 0.386466 0.00687141 0.0219352 0.46444
11 0.763573 0.326602 0.0063166 0.019086 0.356868
11 0.143183 0.325997 0.00435321 0.0254003 0.305917
2 0.179872 0.802619 0.0124827 0.141736 0.285437
11 0.220742 0.388209 0.00576943 0.0218333 0.237488
11 0.607696 0.310434 0.00726169 0.0227645 0.210689
11 0.26676 0.325737 0.00532455 0.0237641 0.167499
11 0.808508 0.386703 0.00672323 0.0226803 0.121796
11 0.2644 0.325689 0.0058528 0.0192737 0.109774
11 0.68508 0.357137 0.00888652 0.0234175 0.10765
11 0.885641 0.322797 0.00818515 0.0254119 0.0902734
11 0.840513 0.388171 0.00745185 0.0233627 0.0683826
11 0.421917 0.311823 0.00765123 0.0225941 0.0659734
1 0.759656 0.711934 0.0111088 0.31981 0.819972
1 0.604773 0.712656 0.0118262 0.33101 0.768116
1 0.294887 0.707752 0.0110105 0.322043 0.690759
1 0.372699 0.697484 0.0108479 0.346291 0.583549
1 0.217494 0.701165 0.0112641 0.334893 0.529414
1 0.13991 0.702627 0.0105665 0.308187 0.414184
1 0.844776 0.705792 0.0104805 0.324413 0.344404
1 0.527655 0.712266 0.00989875 0.321005 0.269325
1 0.688464 0.712397 0.00846632 0.320906 0.228751
1 0.69038 0.702799 0.00867384 0.302739 0.137698
1 0.838819 0.711467 0.0118706 0.318312 0.106658
8 0.62023 0.210355 0.00509901 0.021414 0.101395
1 0.525207 0.718319 0.0110467 0.316304 0.0661388
11 0.620355 0.188982 0.00516561 0.0236357 0.0638201
1 0.449277 0.705493 0.0122085 0.322089 0.0620682
1 0.681232 0.710518 0.00932963 0.312155 0.0590254
1 0.690582 0.707467 0.00781135 0.171129 0.0512434
