9 0.369852 0.449878 0.029759 0.0242303 0.97261
9 0.750225 0.841984 0.0303129 0.0209066 0.963208
9 0.207304 0.449701 0.0305591 0.0260051 0.948946
9 0.586668 0.727131 0.029557 0.0245227 0.945212
9 0.695062 0.863153 0.0271227 0.0188859 0.943158
9 0.154455 0.520102 0.0313605 0.0223771 0.932473
9 0.261875 0.381136 0.0274673 0.0201285 0.897897
9 0.80498 0.773561 0.0280098 0.0202243 0.886327
9 0.641996 0.794538 0.0302151 0.0218917 0.862658
9 0.315693 0.380027 0.0279442 0.0227445 0.832838
9 0.478859 0.588044 0.0299908 0.021392 0.832547
9 0.532779 0.656587 0.0287537 0.0281773 0.812316
9 0.423647 0.520716 0.0305662 0.0255545 0.78588
9 0.859124 0.703666 0.0282549 0.0229463 0.744107
9 0.641781 0.793951 0.0323937 0.032925 0.284443
9 0.479104 0.587451 0.032693 0.0330321 0.213199
12 0.858934 0.703258 0.0306734 0.0160824 0.143307
9 0.261179 0.38081 0.0329703 0.0329879 0.0884859
11 0.263148 0.486163 0.00559874 0.0200575 0.0817377
12 0.478272 0.587645 0.0301706 0.0184417 0.0682677
9 0.315793 0.380449 0.0296849 0.0344536 0.068184
12 0.369418 0.449031 0.0284432 0.0253955 0.0675844
12 0.153821 0.520841 0.0299968 0.0191632 0.0557891
12 0.423981 0.519604 0.0278974 0.018332 0.0551927
12 0.804414 0.77487 0.0282278 0.0168503 0.0507882
9 0.369852 0.449878 0.029759 0.0242303 0.97261
9 0.750225 0.841984 0.0303129 0.0209066 0.963208
9 0.207304 0.449701 0.0305591 0.0260051 0.948946
9 0.586668 0.727131 0.029557 0.0245227 0.945212
9 0.695062 0.863153 0.0271227 0.0188859 0.943158
9 0.154455 0.520102 0.0313605 0.0223771 0.932473
9 0.261875 0.381136 0.0274673 0.0201285 0.897897
9 0.80498 0.773561 0.0280098 0.0202243 0.886327
9 0.641996 0.794538 0.0302151 0.0218917 0.862658
9 0.315693 0.380027 0.0279442 0.0227445 0.832838
9 0.478859 0.588044 0.0299908 0.021392 0.832547
9 0.532779 0.656587 0.0287537 0.0281773 0.812316
9 0.423647 0.520716 0.0305662 0.0255545 0.78588
9 0.859124 0.703666 0.0282549 0.0229463 0.744107
9 0.641781 0.793951 0.0323937 0.032925 0.284443
9 0.479104 0.587451 0.032693 0.0330321 0.213199
12 0.858934 0.703258 0.0306734 0.0160824 0.143307
9 0.261179 0.38081 0.0329703 0.0329879 0.0884859
11 0.263148 0.486163 0.00559874 0.0200575 0.0817377
12 0.478272 0.587645 0.0301706 0.0184417 0.0682677
9 0.315793 0.380449 0.0296849 0.0344536 0.068184
12 0.369418 0.449031 0.0284432 0.0253955 0.0675844
12 0.153821 0.520841 0.0299968 0.0191632 0.0557891
12 0.423981 0.519604 0.0278974 0.018332 0.0551927
12 0.804414 0.77487 0.0282278 0.0168503 0.0507882
