2 0.456185 0.803241 0.0253163 0.142254 0.99332
2 0.533443 0.80289 0.0235327 0.14187 0.992138
2 0.37883 0.802705 0.0245503 0.140784 0.98534
2 0.491075 0.803489 0.0331517 0.142586 0.972894
2 0.305154 0.803165 0.0174259 0.142632 0.962983
2 0.88003 0.803594 0.0363521 0.142357 0.961206
2 0.223845 0.803031 0.0247891 0.141101 0.961088
2 0.421707 0.803128 0.0328804 0.142906 0.956834
2 0.843244 0.802862 0.0245226 0.14158 0.95656
2 0.804583 0.802451 0.0399811 0.141869 0.954492
2 0.727481 0.802804 0.0400109 0.141132 0.951012
2 0.339967 0.802662 0.0413369 0.143236 0.948007
2 0.769852 0.802274 0.0179789 0.140483 0.94613
2 0.184381 0.802473 0.0389493 0.143432 0.945054
2 0.150068 0.8022 0.0177905 0.139696 0.940558
2 0.262603 0.803641 0.0403464 0.142095 0.939254
2 0.572389 0.80312 0.0400869 0.144108 0.938435
2 0.614704 0.802197 0.0178221 0.142227 0.926585
2 0.64907 0.80267 0.0400496 0.142309 0.900567
2 0.687988 0.802351 0.0239752 0.14248 0.887418
11 0.316219 0.418668 0.00620205 0.0236931 0.687486
11 0.394225 0.35599 0.00615302 0.0263153 0.64107
11 0.518311 0.387945 0.00585802 0.0222476 0.582103
11 0.595755 0.324301 0.00522786 0.0228118 0.516367
8 0.703789 0.35701 0.00581245 0.0355973 0.468645
11 0.161761 0.32624 0.0042542 0.0201353 0.464577
11 0.471217 0.32535 0.00626183 0.0269748 0.41647
11 0.858509 0.388799 0.00612372 0.0270347 0.411558
11 0.781443 0.326737 0.00409322 0.0264122 0.396579
11 0.208014 0.388694 0.00529656 0.0234189 0.378243
11 0.130503 0.417864 0.00532077 0.0201671 0.370677
11 0.285139 0.324782 0.00682012 0.0212575 0.263488
11 0.439411 0.41781 0.00595683 0.0291526 0.244292
11 0.856826 0.3036 0.0040783 0.0214827 0.23815
11 0.363382 0.357637 0.00535726 0.0268178 0.198396
11 0.440671 0.418574 0.00676239 0.0264099 0.16967
11 0.860906 0.671175 0.00515672 0.0253618 0.144163
8 0.781725 0.326853 0.00536872 0.0290849 0.0568371
9 0.513247 0.542123 0.0310272 0.0229983 0.929637
9 0.838646 0.565022 0.0292386 0.0220986 0.918236
9 0.405684 0.681342 0.0287231 0.0197969 0.908164
9 0.568144 0.473921 0.0284651 0.0220044 0.905093
9 0.350855 0.750913 0.0297994 0.0243752 0.841697
9 0.785561 0.495522 0.0279944 0.0224317 0.83964
9 0.675994 0.355073 0.0279437 0.0230234 0.839243
9 0.295993 0.820673 0.0301708 0.0212391 0.763224
9 0.187319 0.819371 0.0321667 0.0227683 0.635632
9 0.622213 0.403951 0.0285061 0.0226943 0.628668
9 0.731278 0.428236 0.0316746 0.0208123 0.545899
9 0.890146 0.633941 0.0218412 0.0192215 0.534618
12 0.187194 0.818718 0.030851 0.0172107 0.194484
9 0.784949 0.495051 0.0315012 0.0307745 0.185615
12 0.889739 0.633273 0.0239973 0.0196306 0.130588
9 0.568054 0.474062 0.0306555 0.0347268 0.0886241
9 0.458549 0.612562 0.0301989 0.0231929 0.0781183
12 0.297251 0.82041 0.0282178 0.0183889 0.0657043
9 0.405713 0.681434 0.0319283 0.0328671 0.0610001
12 0.621938 0.403173 0.0253803 0.0154265 0.0552694
12 0.566874 0.474274 0.0285559 0.0190448 0.0500975
