7 0.402726 0.726776 0.0196406 0.0680889 0.911135
7 0.511528 0.826623 0.0200859 0.0670381 0.884853
7 0.836786 0.443518 0.0206236 0.0697703 0.875701
7 0.674113 0.694872 0.0204705 0.0692047 0.875394
7 0.782741 0.853934 0.0210512 0.0645304 0.851762
7 0.457198 0.352553 0.020368 0.0699483 0.840774
7 0.890648 0.638066 0.0192818 0.0563218 0.840502
7 0.294501 0.506915 0.0211304 0.0704781 0.838333
7 0.186387 0.75729 0.0205183 0.0655423 0.837136
7 0.132669 0.543169 0.0173494 0.0574499 0.8218
7 0.565543 0.475402 0.0202256 0.0663787 0.819627
7 0.239962 0.79652 0.0196982 0.0655244 0.80085
7 0.348997 0.572948 0.0208911 0.0588781 0.772363
7 0.728512 0.386415 0.0204644 0.0631652 0.770023
7 0.61994 0.607451 0.0200338 0.0559825 0.739784
